%YAML:1.0
# General sensor definitions.
camera_id: /openni_depth_optical_frame #right_cam

# Sensor extrinsics wrt. the body-frame.
# TODO, change to correct
T_BS:
  cols: 4
  rows: 4
  data: [0.0125552670891, -0.999755099723, 0.0182237714554, -0.0198435579556,
         0.999598781151, 0.0130119051815, 0.0251588363115, 0.0453689425024,
        -0.0253898008918, 0.0179005838253, 0.999517347078, 0.00786212447038,
         0.0, 0.0, 0.0, 1.0]

# Camera specific definitions.
rate_hz: 20
resolution: [640, 480]
camera_model: pinhole
intrinsics: [525.0, 525.0, 319.5, 239.5] #fu, fv, cu, cv
distortion_model: radial-tangential
distortion_coefficients: [0,0,0,0]